image_width: 928
image_height: 800
camera_name: front_camera_left
camera_matrix:
  rows: 3
  cols: 3
  data:
  - 240.88699128290634
  - 0.0
  - 448.85734511876717
  - 0.0
  - 249.20581233824348
  - 405.51453887867655
  - 0.0
  - 0.0
  - 1.0
distortion_model: plumb_bob
distortion_coefficients:
  rows: 5
  cols: 1
  data:
  - -0.1885529206677755
  - 0.03056147108980714
  - -7.135481742764284e-14
  - -3.534404003610704e-15
  - -0.0020764297085830437
rectification_matrix:
  rows: 3
  cols: 3
  data:
  - 0.9978972381328755
  - -0.04475118043017442
  - 0.046887460763891456
  - 0.04488394121153226
  - 0.9989906187961711
  - -0.0017819591922040544
  - -0.04676038866497159
  - 0.0038827061888504445
  - 0.9988985887689259
projection_matrix:
  rows: 3
  cols: 4
  data:
  - 289.9421807182132
  - 0.0
  - 395.10212326049805
  - 0.0
  - 0.0
  - 289.9421807182132
  - 402.9239807128906
  - 0.0
  - 0.0
  - 0.0
  - 1.0
  - 0.0
