image_width: 928
image_height: 800
camera_name: front_camera_right
camera_matrix:
  rows: 3
  cols: 3
  data:
  - 240.30267033027704
  - 0.0
  - 447.5872021206679
  - 0.0
  - 248.32740144592987
  - 404.56137704455926
  - 0.0
  - 0.0
  - 1.0
distortion_model: plumb_bob
distortion_coefficients:
  rows: 5
  cols: 1
  data:
  - -0.18641199048081752
  - 0.02972118289556452
  - -1.8823847670012595e-14
  - -2.4010939769896297e-15
  - -0.0019831510758449656
rectification_matrix:
  rows: 3
  cols: 3
  data:
  - 0.9981295005936208
  - -0.04531354586376947
  - 0.04103879391479801
  - 0.045197012655578156
  - 0.9989710038948719
  - 0.003763432513416482
  - -0.04116709962750244
  - -0.0019015621271973998
  - 0.9991504661309705
projection_matrix:
  rows: 3
  cols: 4
  data:
  - 289.9421807182132
  - 0.0
  - 395.10212326049805
  - -7.025382959345583
  - 0.0
  - 289.9421807182132
  - 402.9239807128906
  - 0.0
  - 0.0
  - 0.0
  - 1.0
  - 0.0
