cam0:
  cam_overlaps: [1]
  camera_model: pinhole
  distortion_coeffs: [0.08853108701635495, -0.025560520956421456, -0.003872150775038637, 0.0009245029816262405]
  distortion_model: equidistant
  intrinsics: [245.7626716070273, 254.29403208445254, 448.8573451187644, 405.51453887857565]
  resolution: [928, 800]
  rostopic: /cam0/image_raw
cam1:
  T_cn_cnm1:
  - [0.9999842815790829, 0.0003240785142890822, 0.005597460842589338, -0.02418496669687929]
  - [-0.00029158867248214973, 0.9999831128002125, -0.005804230392217349, 0.0010979603317815636]
  - [-0.005599247343511881, 0.005802507002704576, 0.9999674891423581, -0.0009943818547785224]
  - [0.0, 0.0, 0.0, 1.0]
  cam_overlaps: [0]
  camera_model: pinhole
  distortion_coeffs: [0.0918841170812527, -0.02420244749559626, -0.007682928056241811, 0.002407945438313499]
  distortion_model: equidistant
  intrinsics: [245.1369301755858, 253.36751500394746, 447.58720212066595, 404.56137704453255]
  resolution: [928, 800]
  rostopic: /cam1/image_raw
